k,n,ehog_size,ehog_time,hog_time,suff_path,tot_time,memory
# 100000.000,1000000.000,183705.300,0.076,0.203,909813.400,0.279,99874.400
# 100000.000,1258925.000,199331.100,0.127,0.233,921489.400,0.360,112905.600
# 100000.000,1584893.000,200139.500,0.188,0.229,922148.000,0.416,127166.000
# 100000.000,1995262.000,200007.300,0.258,0.228,921925.900,0.486,140763.600
# 100000.000,2511886.000,199987.000,0.339,0.246,921905.600,0.584,156939.600
# 100000.000,3162277.000,200060.800,0.442,0.239,921942.200,0.681,180508.000
# 100000.000,3981071.000,200087.500,0.543,0.223,922058.900,0.765,206161.200
# 100000.000,5011872.000,200176.100,0.714,0.228,922140.700,0.942,238542.800
# 100000.000,6309573.000,200073.900,0.921,0.225,922027.700,1.146,285404.400
# 100000.000,7943282.000,200111.100,1.199,0.232,922072.300,1.431,336704.400
# 100000.000,10000000.000,200110.000,1.518,0.223,922062.100,1.742,401202.400
# 100000.000,12589254.000,199985.500,1.954,0.226,921977.200,2.180,493576.800
# 100000.000,15848931.000,200098.200,2.493,0.216,921979.500,2.708,595822.400
# 100000.000,19952623.000,200173.100,3.009,0.229,922158.800,3.237,724626.400
# 100000.000,25118864.000,200116.400,4.069,0.221,922101.200,4.291,910396.000
# 100000.000,31622776.000,200129.500,5.382,0.222,922046.900,5.604,1114436.400
100000.000,5011872.000,200076.240,0.705,0.227,922016.470,0.932,238515.200
100000.000,10000000.000,200062.840,1.423,0.214,922015.680,1.637,401274.720
100000.000,19952623.000,200066.920,3.076,0.226,922006.160,3.302,724604.200
100000.000,31622776.000,200095.390,5.055,0.230,922028.320,5.286,1114436.160
100000.000,39810717.000,200087.500,6.478,0.223,921950.400,6.701,1371250.800
100000.000,50118723.000,200099.900,8.138,0.212,922010.300,8.350,1741576.400
100000.000,63095734.000,200078.200,11.024,0.215,921964.800,11.239,2148699.200
100000.000,79432823.000,199974.500,13.104,0.218,921956.800,13.321,2661202.400
100000.000,100000000.000,200193.200,18.127,0.221,922133.000,18.348,3400227.600
