k,n,ehog_size,ehog_time,hog_time,suff_path,tot_time,memory
10000.000,10000000.000,20021.100,1.093,0.001,75625.000,1.095,336457.200
12589.000,10000000.000,25176.000,1.133,0.002,97297.600,1.135,329285.200
15848.000,10000000.000,31678.000,1.163,0.003,125058.900,1.166,332361.200
19952.000,10000000.000,39830.800,1.202,0.004,160700.000,1.206,336264.800
25118.000,10000000.000,50270.200,1.240,0.005,206576.600,1.245,329169.200
31622.000,10000000.000,63230.800,1.270,0.007,265249.600,1.276,332065.600
39810.000,10000000.000,79601.600,1.310,0.008,340631.800,1.318,336019.600
50118.000,10000000.000,100208.400,1.342,0.012,437169.800,1.353,328241.600
63095.000,10000000.000,126192.700,1.384,0.018,560879.600,1.402,330834.800
79432.000,10000000.000,158827.100,1.397,0.027,719201.500,1.424,334589.600
100000.000,10000000.000,200110.000,1.526,0.041,922062.100,1.567,326522.000
125892.000,10000000.000,251993.600,1.471,0.063,1181802.200,1.534,328307.200
158489.000,10000000.000,316991.900,1.517,0.096,1514210.100,1.613,331709.200
199526.000,10000000.000,399128.500,1.527,0.142,1939896.700,1.669,320371.600
251188.000,10000000.000,502165.900,1.564,0.216,2483470.100,1.781,319846.800
316227.000,10000000.000,632384.600,1.626,0.315,3178377.400,1.941,321477.200
398107.000,10000000.000,796476.200,1.623,0.448,4066973.300,2.071,304886.800
501187.000,10000000.000,1002950.600,1.587,0.634,5204159.400,2.221,299012.400
630957.000,10000000.000,1261966.100,1.492,0.906,6656798.100,2.398,291341.600
794328.000,10000000.000,1547309.100,1.229,1.055,8485312.500,2.284,239532.400
1000000.000,10000000.000,982404.400,0.602,0.449,9977857.800,1.050,140596.400
