k,n,ehog_size,ehog_time,hog_time,suff_path,tot_time,memory
10000.000,10000000.000,20021.100,1.630,0.027,75625.000,1.657,492808.800
12589.000,10000000.000,25176.000,1.663,0.035,97297.600,1.698,485142.000
15848.000,10000000.000,31678.000,1.698,0.045,125058.900,1.743,487893.600
19952.000,10000000.000,39830.800,1.732,0.064,160700.000,1.795,492696.000
25118.000,10000000.000,50270.200,1.783,0.086,206576.600,1.869,484281.200
31622.000,10000000.000,63230.800,1.814,0.110,265249.600,1.924,486645.200
39810.000,10000000.000,79601.600,1.872,0.148,340631.800,2.019,492013.600
50118.000,10000000.000,100208.400,1.955,0.206,437169.800,2.161,481823.600
63095.000,10000000.000,126192.700,2.269,0.287,560879.600,2.556,483454.000
79432.000,10000000.000,158827.100,2.331,0.384,719201.500,2.715,489833.600
100000.000,10000000.000,200110.000,1.949,0.484,922062.100,2.433,476732.800
125892.000,10000000.000,251993.600,2.015,0.639,1181802.200,2.654,476475.600
158489.000,10000000.000,316991.900,2.088,0.829,1514210.100,2.917,484828.800
199526.000,10000000.000,399128.500,2.144,1.077,1939896.700,3.221,462850.400
251188.000,10000000.000,502165.900,2.223,1.474,2483470.100,3.697,457817.200
316227.000,10000000.000,632384.600,2.270,1.881,3178377.400,4.151,469299.200
398107.000,10000000.000,796476.200,2.277,2.428,4066973.300,4.706,430798.400
501187.000,10000000.000,1002950.600,2.225,3.150,5204159.400,5.375,414714.000
630957.000,10000000.000,1261966.100,2.157,4.351,6656406.600,6.508,426064.400
794328.000,10000000.000,1547309.100,1.784,5.564,8434352.200,7.347,333653.600
1000000.000,10000000.000,982404.400,0.715,4.191,6429211.900,4.906,186326.000
