1000 10000000 1.075773 0.002696 680416
1258 10000000 1.092760 0.002544 680268
1584 10000000 1.100889 0.003374 680352
1995 10000000 1.130598 0.001963 680088
2511 10000000 1.146950 0.002665 680344
3162 10000000 1.170831 0.001694 680172
3981 10000000 1.211668 0.001347 680372
5011 10000000 1.215974 0.001553 680744
6309 10000000 1.239311 0.002761 681360
7943 10000000 1.293069 0.002068 681604
10000 10000000 1.334714 0.001557 682716
12589 10000000 1.347952 0.002565 683284
15848 10000000 1.399277 0.002105 683540
19952 10000000 1.401969 0.001611 685620
25118 10000000 1.419102 0.002844 687468
31622 10000000 1.503609 0.001537 689096
39810 10000000 1.505951 0.001897 691876
50118 10000000 1.615224 0.006632 692776
63095 10000000 1.621274 0.001275 696004
79432 10000000 1.775283 0.010890 698560
100000 10000000 1.863551 0.008841 707272
125892 10000000 1.957632 0.003004 710268
158489 10000000 2.217780 0.003103 721712
199526 10000000 2.467498 0.027015 728788
251188 10000000 2.624141 0.043271 725104
316227 10000000 2.944904 0.055528 743532
398107 10000000 3.189327 0.078412 915372
501187 10000000 3.444758 0.095767 939864
630957 10000000 3.969358 0.078950 1000440
794328 10000000 4.427484 0.134122 1090036
1000000 10000000 4.459306 0.175602 1216388