k,n,ehog_size,ehog_time,hog_time,suff_path,tot_time,memory
10000.000,10000000.000,20021.100,1.092,0.010,75625.000,1.103,343787.600
12589.000,10000000.000,25176.000,1.137,0.014,97297.600,1.150,338691.600
15848.000,10000000.000,31678.000,1.173,0.018,125058.900,1.190,344138.400
19952.000,10000000.000,39830.800,1.213,0.024,160700.000,1.237,350982.000
25118.000,10000000.000,50270.200,1.255,0.032,206576.600,1.287,347764.800
31622.000,10000000.000,63230.800,1.285,0.043,265249.600,1.328,355536.400
39810.000,10000000.000,79601.600,1.304,0.058,340631.800,1.363,365430.000
50118.000,10000000.000,100208.400,1.345,0.080,437169.800,1.426,365556.000
63095.000,10000000.000,126192.700,1.373,0.111,560879.600,1.484,377719.600
79432.000,10000000.000,158827.100,1.400,0.153,719201.500,1.553,393522.400
100000.000,10000000.000,200110.000,1.434,0.219,922062.100,1.653,401242.000
125892.000,10000000.000,251993.600,1.458,0.303,1181802.200,1.761,422280.800
158489.000,10000000.000,316991.900,1.512,0.438,1514210.100,1.950,449660.400
199526.000,10000000.000,399128.500,1.570,0.621,1939896.700,2.191,469790.000
251188.000,10000000.000,502165.900,1.552,0.847,2483470.100,2.399,507600.000
316227.000,10000000.000,632384.600,1.620,1.170,3178377.400,2.789,557436.000
398107.000,10000000.000,796476.200,1.609,1.591,4066973.300,3.201,603792.000
501187.000,10000000.000,1002950.600,1.561,2.128,5204159.400,3.689,674548.400
630957.000,10000000.000,1261966.100,1.484,2.856,6656798.100,4.339,764056.000
794328.000,10000000.000,1547309.100,1.230,3.623,8485312.500,4.853,833609.200
1000000.000,10000000.000,982404.400,0.616,2.050,9977857.800,2.665,618560.000
