k,n,ehog_size,ehog_time,hog_time,suff_path,tot_time,memory
# 100000.000,1000000.000,183705.300,0.084,0.040,909813.400,0.123,28938.000
# 100000.000,1258925.000,199331.100,0.135,0.044,921489.400,0.179,38206.400
# 100000.000,1584893.000,200139.500,0.178,0.042,922148.000,0.220,52445.200
# 100000.000,1995262.000,200007.300,0.245,0.042,921925.900,0.288,66010.000
# 100000.000,2511886.000,199987.000,0.361,0.049,921905.600,0.411,82180.800
# 100000.000,3162277.000,200060.800,0.444,0.045,921942.200,0.489,105734.800
# 100000.000,3981071.000,200087.500,0.562,0.043,922058.900,0.605,131394.000
# 100000.000,5011872.000,200176.100,0.720,0.045,922140.700,0.765,163762.800
# 100000.000,6309573.000,200073.900,0.961,0.044,922027.700,1.005,210749.200
# 100000.000,7943282.000,200111.100,1.206,0.048,922072.300,1.255,262016.000
# 100000.000,10000000.000,200110.000,1.477,0.043,922062.100,1.520,326504.800
# 100000.000,12589254.000,199985.500,2.103,0.045,921977.200,2.149,418865.600
# 100000.000,15848931.000,200098.200,2.365,0.042,921979.500,2.407,521126.000
# 100000.000,19952623.000,200173.100,2.997,0.044,922158.800,3.041,649846.000
# 100000.000,25118864.000,200116.400,3.847,0.042,922101.200,3.889,835630.800
# 100000.000,31622776.000,200129.500,5.019,0.042,922046.900,5.060,1039715.200
100000.000,5011872.000,200076.240,0.708,0.043,922016.470,0.751,163792.280
100000.000,10000000.000,200062.840,1.425,0.041,922015.680,1.466,326540.920
100000.000,19952623.000,200066.920,3.022,0.043,922006.160,3.065,649895.760
100000.000,31622776.000,200095.390,4.935,0.042,922028.320,4.977,1039696.080
100000.000,39810717.000,200087.500,6.683,0.043,921950.400,6.726,1296577.600
100000.000,50118723.000,200099.900,7.857,0.041,922010.300,7.899,1666854.000
100000.000,63095734.000,200078.200,10.180,0.041,921964.800,10.221,2073998.400
100000.000,79432823.000,199974.500,12.731,0.043,921956.800,12.774,2586505.200
100000.000,100000000.000,200193.200,16.213,0.041,922133.000,16.255,3325545.200

