1000 10000000 0.893707 0.003335 640296
1258 10000000 0.910315 0.002744 640116
1584 10000000 0.919381 0.003655 639716
1995 10000000 0.952445 0.003776 639596
2511 10000000 0.966591 0.001313 639156
3162 10000000 0.992419 0.001293 638784
3981 10000000 1.016886 0.002133 638500
5011 10000000 1.047981 0.003667 638060
6309 10000000 1.080246 0.002126 637712
7943 10000000 1.103616 0.003108 636928
10000 10000000 1.136310 0.003574 636608
12589 10000000 1.167367 0.002648 635308
15848 10000000 1.198254 0.002885 633260
19952 10000000 1.216339 0.003505 632392
25118 10000000 1.247637 0.001523 630456
31622 10000000 1.300557 0.003037 627500
39810 10000000 1.311105 0.002732 624192
50118 10000000 1.363001 0.002765 617988
63095 10000000 1.400299 0.004251 612580
79432 10000000 1.457423 0.005357 604064
100000 10000000 1.541676 0.007872 597188
125892 10000000 1.633387 0.009815 582076
158489 10000000 1.750167 0.013981 569160
199526 10000000 1.867231 0.003234 547904
251188 10000000 1.968883 0.004925 509148
316227 10000000 2.108179 0.003343 478368
398107 10000000 2.235922 0.006595 447532
501187 10000000 2.185747 0.002725 361104
630957 10000000 2.126985 0.002729 269580
794328 10000000 1.775314 0.001078 181320
1000000 10000000 1.087273 0.001384 100508