k,n,ehog_size,ehog_time,hog_time,suff_path,tot_time,memory
# 100000.000,1000000.000,183705.300,0.107,0.461,867986.500,0.568,39842.800
# 100000.000,1258925.000,199331.100,0.181,0.509,920784.900,0.690,52003.200
# 100000.000,1584893.000,200139.500,0.263,0.497,922136.500,0.761,71148.000
# 100000.000,1995262.000,200007.300,0.390,0.509,921925.900,0.899,91114.800
# 100000.000,2511886.000,199987.000,0.498,0.528,921905.600,1.027,115436.000
# 100000.000,3162277.000,200060.800,0.627,0.514,921942.200,1.141,149189.600
# 100000.000,3981071.000,200087.500,0.795,0.514,922058.900,1.309,187616.400
# 100000.000,5011872.000,200176.100,1.003,0.508,922140.700,1.510,236054.400
# 100000.000,6309573.000,200073.900,1.258,0.494,922027.700,1.752,303295.200
# 100000.000,7943282.000,200111.100,1.607,0.497,922072.300,2.104,380126.400
# 100000.000,10000000.000,200110.000,2.039,0.508,922062.100,2.547,476762.400
# 100000.000,12589254.000,199985.500,2.561,0.465,921977.200,3.026,609549.200
# 100000.000,15848931.000,200098.200,3.351,0.465,921979.500,3.816,762756.400
# 100000.000,19952623.000,200173.100,4.279,0.462,922158.800,4.741,955628.400
# 100000.000,25118864.000,200116.400,5.423,0.444,922101.200,5.867,1222171.200
# 100000.000,31622776.000,200129.500,6.658,0.439,922046.900,7.097,1527798.000
100000.000,5011872.000,200076.240,1.017,0.492,922016.470,1.509,236092.320
100000.000,10000000.000,200062.840,2.002,0.487,922015.680,2.489,476770.440
100000.000,19952623.000,200066.920,4.203,0.449,922006.160,4.652,955615.640
100000.000,31622776.000,200095.390,6.898,0.440,922028.320,7.337,1527800.280
100000.000,39810717.000,200087.500,8.846,0.443,921950.400,9.288,1912543.600
100000.000,50118723.000,200099.900,10.670,0.465,922010.300,11.135,2443950.400
100000.000,63095734.000,200078.200,13.494,0.454,921964.800,13.947,3053788.000
100000.000,79432823.000,199974.500,17.577,0.450,921956.800,18.027,3821707.600
100000.000,100000000.000,200193.200,21.883,0.440,922133.000,22.322,4882006.800
