100000 316227 0.074599 0.019884 88248
100000 398107 0.074620 0.019727 88236
100000 501187 0.112371 0.014570 98016
100000 630957 0.134183 0.001428 103044
100000 794328 0.134584 0.019454 108480
100000 1000000 0.224797 0.009258 129668
100000 1258925 0.287889 0.011181 143088
100000 1584893 0.344925 0.012662 163220
100000 1995262 0.436287 0.011413 160660
100000 2511886 0.543164 0.016648 234248
100000 3162277 0.657107 0.017939 242184
100000 3981071 0.807980 0.002220 295220
100000 5011872 1.040168 0.016892 370124
100000 6309573 1.244264 0.000515 458068
100000 7943282 1.483470 0.017338 566024
100000 10000000 1.914597 0.004563 707372
100000 12589254 2.299864 0.013550 876676
100000 15848931 2.817651 0.003853 1099508
100000 19952623 3.521934 0.014790 1375436
100000 25118864 4.309921 0.012299 1727664
100000 31622776 5.413562 0.010627 2166468
100000 39810717 6.718739 0.016051 2719712
100000 50118723 8.444038 0.015020 3414256
100000 63095734 10.461891 0.023608 4285124
100000 79432823 12.938459 0.010264 5393424
100000 100000000 16.334661 0.042466 6784224