100000 316227 0.003596 0.000080 7552
100000 398107 0.003689 0.000090 7600
100000 501187 0.006407 0.000081 7664
100000 630957 0.008706 0.000089 7476
100000 794328 0.013155 0.000229 8408
100000 1000000 0.068907 0.000449 22616
100000 1258925 0.131687 0.000568 35184
100000 1584893 0.207212 0.000572 54128
100000 1995262 0.296304 0.000679 82072
100000 2511886 0.397820 0.001670 121364
100000 3162277 0.511280 0.001193 159008
100000 3981071 0.632561 0.002156 208976
100000 5011872 0.791412 0.001919 279352
100000 6309573 1.019107 0.003477 362452
100000 7943282 1.147058 0.035501 464100
100000 10000000 1.597661 0.007558 597356
100000 12589254 1.915966 0.008209 758340
100000 15848931 2.442479 0.009934 966856
100000 19952623 3.048435 0.013878 1226436
100000 25118864 3.708981 0.012836 1558448
100000 31622776 4.783192 0.007934 1971740
100000 39810717 6.006735 0.016464 2493076
100000 50118723 7.360951 0.021985 3147408
100000 63095734 9.390330 0.020933 3967964
100000 79432823 11.662177 0.011491 5012164
100000 100000000 14.831149 0.029650 6322504