k,n,ehog_size,ehog_time,hog_time,suff_path,tot_time,memory
10000.000,10000000.000,20021.100,1.544,0.382,75625.000,1.926,492911.600
12589.000,10000000.000,25176.000,1.590,0.590,97297.600,2.180,485890.800
15848.000,10000000.000,31678.000,1.637,0.942,125058.900,2.579,488895.200
19952.000,10000000.000,39830.800,1.657,1.471,160700.000,3.129,492844.800
25118.000,10000000.000,50270.200,1.699,2.345,206576.600,4.044,485852.800
31622.000,10000000.000,63230.800,1.755,3.700,265249.600,5.455,488759.200
39810.000,10000000.000,79601.600,1.773,5.820,340631.800,7.593,492674.800
50118.000,10000000.000,100208.400,1.811,9.221,437169.800,11.032,485145.200
63095.000,10000000.000,126192.700,1.853,14.642,560879.600,16.495,487714.400
# 79432.000,10000000.000,158827.100,1.901,23.104,719201.500,25.005,491229.600
