"SK with o=0.1"

100000 1000000 0.1 0.246837 0.017671 130588
100000 1258925 0.1 0.328845 0.012968 151144
100000 1584893 0.1 0.385151 0.014308 173524
100000 1995262 0.1 0.442347 0.019240 204044
100000 2511886 0.1 0.515708 0.025624 237920
100000 3162277 0.1 0.674040 0.018569 249712
100000 3981071 0.1 0.874549 0.001340 304860
100000 5011872 0.1 1.014299 0.011728 375384
100000 6309573 0.1 1.253710 0.002456 464476
100000 7943282 0.1 1.540091 0.004671 576600
100000 10000000 0.1 1.893442 0.016667 718972


"SK with o=0.5"
100000 1000000 0.5 0.244760 0.015725 130232
100000 1258925 0.5 0.304118 0.015583 150824
100000 1584893 0.5 0.369872 0.013167 172896
100000 1995262 0.5 0.460401 0.019363 205416
100000 2511886 0.5 0.551953 0.009080 239828
100000 3162277 0.5 0.655313 0.010211 251724
100000 3981071 0.5 0.835570 0.011971 306676
100000 5011872 0.5 1.025193 0.010592 376784
100000 6309573 0.5 1.233683 0.017434 465172
100000 7943282 0.5 1.444713 0.014015 576384
100000 10000000 0.5 1.725792 0.007522 715436


"SK with o=0.9"
100000 1000000 0.9 0.220228 0.003985 131980
100000 1258925 0.9 0.272507 0.012369 156608
100000 1584893 0.9 0.380903 0.016426 183820
100000 1995262 0.9 0.440670 0.021930 217944
100000 2511886 0.9 0.509942 0.025884 254440
100000 3162277 0.9 0.673542 0.017136 268384
100000 3981071 0.9 0.835780 0.019149 324300
100000 5011872 0.9 0.996357 0.001683 396140
100000 6309573 0.9 1.236780 0.005262 484688
100000 7943282 0.9 1.499968 0.002128 595592
100000 10000000 0.9 1.940673 0.004208 736308