"SSP with o=0.1"

100000 1000000 0.1 0.069011 0.000236 23760
100000 1258925 0.1 0.143788 0.002563 37752
100000 1584893 0.1 0.225883 0.001014 58576
100000 1995262 0.1 0.319151 0.000692 87876
100000 2511886 0.1 0.404486 0.001071 124180
100000 3162277 0.1 0.527069 0.001208 164820
100000 3981071 0.1 0.645414 0.001309 216640
100000 5011872 0.1 0.819239 0.003258 284584
100000 6309573 0.1 0.995553 0.002329 368716
100000 7943282 0.1 1.220069 0.001821 473856
100000 10000000 0.1 1.606678 0.005954 606164


"SSP with o=0.5"
100000 1000000 0.5 0.069029 0.000250 23516
100000 1258925 0.5 0.139248 0.000560 37176
100000 1584893 0.5 0.219551 0.000622 57448
100000 1995262 0.5 0.318882 0.001149 87092
100000 2511886 0.5 0.408441 0.001730 123380
100000 3162277 0.5 0.510807 0.001816 163628
100000 3981071 0.5 0.633378 0.004055 214996
100000 5011872 0.5 0.791119 0.003035 282744
100000 6309573 0.5 0.944108 0.003650 366200
100000 7943282 0.5 1.149072 0.003054 470712
100000 10000000 0.5 1.464055 0.002956 602244


"SSP with o=0.9"
100000 1000000 0.9 0.046838 0.000159 23172
100000 1258925 0.9 0.089136 0.000331 36832
100000 1584893 0.9 0.152470 0.000781 56856
100000 1995262 0.9 0.217342 0.001041 86344
100000 2511886 0.9 0.311633 0.001445 122268
100000 3162277 0.9 0.408509 0.001494 162416
100000 3981071 0.9 0.542790 0.002583 213540
100000 5011872 0.9 0.692367 0.002682 280732
100000 6309573 0.9 0.860882 0.003895 363680
100000 7943282 0.9 1.002566 0.038241 495728
100000 10000000 0.9 1.438509 0.003181 598444