"SSP with o=0.1"
10000 10000000 0.1 1.136045 0.002217 645504
12589 10000000 0.1 1.149496 0.003033 644456
15848 10000000 0.1 1.197320 0.001463 643224
19952 10000000 0.1 1.231595 0.003015 641388
25118 10000000 0.1 1.236304 0.002954 639608
31622 10000000 0.1 1.302477 0.003268 636968
39810 10000000 0.1 1.302039 0.003734 633536
50118 10000000 0.1 1.360224 0.002326 628692
63095 10000000 0.1 1.427609 0.004931 623456
79432 10000000 0.1 1.536335 0.006967 616008
100000 10000000 0.1 1.573390 0.008371 606080


"SSP with o=0.5"
10000 10000000 0.5 1.022344 0.003072 641584
12589 10000000 0.5 1.071722 0.002695 640540
15848 10000000 0.5 1.072726 0.003240 639204
19952 10000000 0.5 1.112420 0.003206 637732
25118 10000000 0.5 1.118960 0.002303 635676
31622 10000000 0.5 1.167812 0.002890 633056
39810 10000000 0.5 1.168980 0.003022 629696
50118 10000000 0.5 1.251898 0.002063 624632
63095 10000000 0.5 1.293587 0.004475 619420
79432 10000000 0.5 1.381944 0.002447 612060
100000 10000000 0.5 1.458535 0.005780 602232


"SSP with o=0.9"
10000 10000000 0.9 0.946553 0.002763 637540
12589 10000000 0.9 0.981832 0.002126 636676
15848 10000000 0.9 1.004057 0.001843 635144
19952 10000000 0.9 1.050007 0.003086 633684
25118 10000000 0.9 1.095776 0.002929 631812
31622 10000000 0.9 1.140135 0.002657 629228
39810 10000000 0.9 1.208408 0.002815 625784
50118 10000000 0.9 1.241641 0.001901 620864
63095 10000000 0.9 1.321805 0.001153 615576
79432 10000000 0.9 1.407385 0.001701 609296
100000 10000000 0.9 1.395103 0.003799 598432