"SK with o=0.1"
10000 10000000 0.1 1.307711 0.000941 692036
12589 10000000 0.1 1.341468 0.001405 692972
15848 10000000 0.1 1.368784 0.001914 694000
19952 10000000 0.1 1.410226 0.000916 695392
25118 10000000 0.1 1.440846 0.002007 697296
31622 10000000 0.1 1.492205 0.003416 699656
39810 10000000 0.1 1.541590 0.002503 702276
50118 10000000 0.1 1.587101 0.005974 705052
63095 10000000 0.1 1.702908 0.008353 709252
79432 10000000 0.1 1.787295 0.011643 714960
100000 10000000 0.1 1.891568 0.015117 719084


"SK with o=0.5"
10000 10000000 0.5 1.214066 0.000869 687984
12589 10000000 0.5 1.223222 0.001435 689000
15848 10000000 0.5 1.255937 0.002159 689916
19952 10000000 0.5 1.262635 0.001963 691492
25118 10000000 0.5 1.312317 0.004352 693472
31622 10000000 0.5 1.326411 0.001819 695584
39810 10000000 0.5 1.395803 0.004505 698524
50118 10000000 0.5 1.428649 0.003641 701144
63095 10000000 0.5 1.534900 0.009038 705356
79432 10000000 0.5 1.612981 0.008933 710980
100000 10000000 0.5 1.730955 0.008006 715428


"SK with o=0.9"
10000 10000000 0.9 1.147712 0.002535 686728
12589 10000000 0.9 1.167311 0.001844 688272
15848 10000000 0.9 1.210057 0.002396 689912
19952 10000000 0.9 1.242824 0.002418 692612
25118 10000000 0.9 1.296773 0.001319 695816
31622 10000000 0.9 1.365467 0.001554 699616
39810 10000000 0.9 1.421318 0.002895 704488
50118 10000000 0.9 1.537585 0.002068 709668
63095 10000000 0.9 1.650291 0.008542 717168
79432 10000000 0.9 1.810898 0.009432 727088
100000 10000000 0.9 1.949255 0.005673 736308