316227 0.074599 0.019884
398107 0.074620 0.019727
501187 0.112371 0.014570
630957 0.134183 0.001428
794328 0.134584 0.019454
1000000 0.224797 0.009258
1258925 0.287889 0.011181
1584893 0.344925 0.012662
1995262 0.436287 0.011413
2511886 0.543164 0.016648
3162277 0.657107 0.017939
3981071 0.807980 0.002220
5011872 1.040168 0.016892
6309573 1.244264 0.000515
7943282 1.483470 0.017338
10000000 1.914597 0.004563
12589254 2.299864 0.013550
15848931 2.817651 0.003853
19952623 3.521934 0.014790
25118864 4.309921 0.012299
31622776 5.413562 0.010627
39810717 6.718739 0.016051
50118723 8.444038 0.015020
63095734 10.461891 0.023608
79432823 12.938459 0.010264
100000000 16.334661 0.042466
