316227 0.003596 0.000080
398107 0.003689 0.000090
501187 0.006407 0.000081
630957 0.008706 0.000089
794328 0.013155 0.000229
1000000 0.068907 0.000449
1258925 0.131687 0.000568
1584893 0.207212 0.000572
1995262 0.296304 0.000679
2511886 0.397820 0.001670
3162277 0.511280 0.001193
3981071 0.632561 0.002156
5011872 0.791412 0.001919
6309573 1.019107 0.003477
7943282 1.147058 0.035501
10000000 1.597661 0.007558
12589254 1.915966 0.008209
15848931 2.442479 0.009934
19952623 3.048435 0.013878
25118864 3.708981 0.012836
31622776 4.783192 0.007934
39810717 6.006735 0.016464
50118723 7.360951 0.021985
63095734 9.390330 0.020933
79432823 11.662177 0.011491
100000000 14.831149 0.029650
